1,-1,1263.9058837890625,855.83984375,100.824462890625,208.6866455078125,0.99999964,-1,-1,-1
1,-1,722.3829956054688,963.1234741210938,112.163330078125,118.86370849609375,0.9999994,-1,-1,-1
1,-1,1301.0775146484375,618.6619262695312,86.539794921875,199.3414306640625,0.9999988,-1,-1,-1
1,-1,569.3526000976562,145.05194091796875,79.779052734375,191.93048095703125,0.9999987,-1,-1,-1
1,-1,933.6163940429688,405.8848571777344,81.6168212890625,190.13961791992188,0.9999982,-1,-1,-1
1,-1,1827.4940185546875,599.169921875,74.207275390625,187.8204345703125,0.99999774,-1,-1,-1
1,-1,1433.8416748046875,647.9605712890625,89.3603515625,187.37890625,0.99999774,-1,-1,-1
1,-1,1814.720947265625,227.59677124023438,92.34619140625,180.8216552734375,0.99999714,-1,-1,-1
1,-1,294.82550048828125,194.14834594726562,84.36029052734375,178.3895263671875,0.999997,-1,-1,-1
1,-1,351.0846252441406,859.1950073242188,81.8037109375,211.04888916015625,0.9999968,-1,-1,-1
1,-1,740.2839965820312,413.1366882324219,85.363525390625,179.57913208007812,0.99999654,-1,-1,-1
1,-1,1784.462646484375,789.6923828125,80.30810546875,202.17578125,0.99999654,-1,-1,-1
1,-1,1320.283935546875,103.72052001953125,75.18359375,196.01055908203125,0.9999964,-1,-1,-1
1,-1,155.48757934570312,188.56573486328125,76.320556640625,178.390869140625,0.99999535,-1,-1,-1
1,-1,813.35546875,556.4501953125,71.3023681640625,187.0419921875,0.9999943,-1,-1,-1
1,-1,42.40126419067383,422.8050537109375,96.06452941894531,190.032958984375,0.99999416,-1,-1,-1
1,-1,1807.261962890625,382.60009765625,84.9677734375,177.6094970703125,0.99999404,-1,-1,-1
1,-1,1010.5438232421875,371.7807312011719,70.603515625,174.27462768554688,0.99999404,-1,-1,-1
1,-1,119.15554809570312,771.917724609375,79.54397583007812,202.2659912109375,0.9999939,-1,-1,-1
1,-1,1496.7711181640625,238.48391723632812,82.63525390625,203.5938720703125,0.9999939,-1,-1,-1
1,-1,500.66326904296875,149.05442810058594,78.497314453125,182.40553283691406,0.9999932,-1,-1,-1
1,-1,547.693603515625,795.9880981445312,97.2578125,220.7784423828125,0.99999213,-1,-1,-1
1,-1,80.82266235351562,208.15020751953125,76.99821472167969,180.03240966796875,0.99999046,-1,-1,-1
1,-1,78.40203857421875,649.8372802734375,89.29110717773438,209.1942138671875,0.9999896,-1,-1,-1
1,-1,152.32101440429688,562.507080078125,101.31195068359375,190.65234375,0.9999896,-1,-1,-1
1,-1,1378.44091796875,575.2526245117188,86.905517578125,190.4197998046875,0.9999893,-1,-1,-1
1,-1,568.614013671875,376.92047119140625,82.86279296875,173.93829345703125,0.9999893,-1,-1,-1
1,-1,1660.49072265625,258.09149169921875,75.81689453125,186.8280029296875,0.9999889,-1,-1,-1
1,-1,979.240234375,808.966796875,89.1458740234375,207.254150390625,0.9999888,-1,-1,-1
1,-1,370.97943115234375,377.304443359375,84.87701416015625,182.0137939453125,0.9999877,-1,-1,-1
1,-1,616.6060180664062,549.586181640625,87.4986572265625,182.93408203125,0.9999869,-1,-1,-1
1,-1,1126.4326171875,802.9681396484375,94.729248046875,195.2115478515625,0.9999869,-1,-1,-1
1,-1,389.2689514160156,608.8380737304688,102.06689453125,192.88818359375,0.9999864,-1,-1,-1
1,-1,1389.615478515625,253.3689422607422,77.8740234375,178.8636016845703,0.99998367,-1,-1,-1
1,-1,1190.6915283203125,455.40277099609375,77.42724609375,177.74169921875,0.9999825,-1,-1,-1
1,-1,1514.2706298828125,517.1239013671875,92.442138671875,174.99609375,0.9999815,-1,-1,-1
1,-1,1564.0181884765625,276.8695983886719,80.27978515625,175.34173583984375,0.9999802,-1,-1,-1
1,-1,664.359375,454.3416442871094,77.443359375,188.91928100585938,0.9999782,-1,-1,-1
1,-1,1705.5345458984375,635.24609375,86.35888671875,184.3380126953125,0.9999769,-1,-1,-1
1,-1,1008.88916015625,520.5001220703125,74.607177734375,180.383056640625,0.99997616,-1,-1,-1
1,-1,903.7696533203125,534.6925048828125,78.2486572265625,188.193603515625,0.9999753,-1,-1,-1
1,-1,253.97250366210938,682.9266357421875,89.52691650390625,199.9495849609375,0.99997485,-1,-1,-1
1,-1,900.6104736328125,249.0540771484375,69.01806640625,173.91314697265625,0.9999708,-1,-1,-1
1,-1,1156.1068115234375,645.1715698242188,73.877197265625,183.7359619140625,0.9999696,-1,-1,-1
1,-1,836.683349609375,302.1850280761719,83.3472900390625,169.66552734375,0.99996173,-1,-1,-1
1,-1,1647.709716796875,568.9168701171875,84.241455078125,172.591552734375,0.9999597,-1,-1,-1
1,-1,1180.0980224609375,332.53338623046875,83.804931640625,173.11212158203125,0.999959,-1,-1,-1
1,-1,867.083740234375,755.890869140625,106.811279296875,194.7996826171875,0.9999553,-1,-1,-1
1,-1,187.20062255859375,698.7848510742188,84.1229248046875,178.479248046875,0.99995184,-1,-1,-1
1,-1,741.8776245117188,141.68331909179688,75.515869140625,152.5792236328125,0.9999347,-1,-1,-1
1,-1,1016.956787109375,756.0844116210938,86.47265625,201.4736328125,0.99992406,-1,-1,-1
1,-1,431.21270751953125,541.5302124023438,86.4873046875,195.82958984375,0.99991703,-1,-1,-1
1,-1,290.7713623046875,593.5858764648438,88.8358154296875,200.5107421875,0.9999106,-1,-1,-1
1,-1,866.2054443359375,629.3668212890625,86.0760498046875,170.3092041015625,0.99990976,-1,-1,-1
1,-1,592.5416870117188,999.45703125,91.884765625,82.96044921875,0.9998919,-1,-1,-1
1,-1,459.29803466796875,892.5636596679688,104.56463623046875,187.79071044921875,0.99988794,-1,-1,-1
1,-1,65.75127410888672,125.88872528076172,74.48816680908203,178.92672729492188,0.99988544,-1,-1,-1
1,-1,984.1192016601562,0.6398086547851562,59.79486083984375,129.9063720703125,0.9998535,-1,-1,-1
1,-1,1494.2750244140625,144.13388061523438,79.90087890625,187.07516479492188,0.9998356,-1,-1,-1
1,-1,1679.595947265625,11.433830261230469,80.367431640625,164.45639038085938,0.9998196,-1,-1,-1
1,-1,1227.0390625,272.32794189453125,70.756591796875,172.48638916015625,0.9998111,-1,-1,-1
1,-1,1335.6912841796875,387.2001953125,80.78271484375,177.6943359375,0.9998055,-1,-1,-1
1,-1,1710.835205078125,823.12890625,77.706787109375,166.5208740234375,0.9998005,-1,-1,-1
1,-1,1178.7413330078125,176.61427307128906,66.134765625,155.0552215576172,0.9997905,-1,-1,-1
1,-1,1087.762939453125,666.7316284179688,79.50048828125,193.646484375,0.9997888,-1,-1,-1
1,-1,1055.0924072265625,496.4053955078125,68.2470703125,177.3795166015625,0.9997789,-1,-1,-1
1,-1,1738.43896484375,392.046142578125,77.079833984375,181.71051025390625,0.99977356,-1,-1,-1
1,-1,1750.34814453125,1002.69091796875,91.281005859375,79.845703125,0.9997718,-1,-1,-1
1,-1,1569.5146484375,121.0098648071289,80.506103515625,161.172607421875,0.999734,-1,-1,-1
1,-1,1613.216552734375,437.84918212890625,83.17724609375,164.6109619140625,0.99970514,-1,-1,-1
1,-1,1597.0189208984375,55.950531005859375,73.828125,159.99130249023438,0.9996803,-1,-1,-1
1,-1,542.138427734375,75.96934509277344,65.8721923828125,159.59982299804688,0.99967873,-1,-1,-1
1,-1,1531.485595703125,46.226112365722656,70.55126953125,161.336181640625,0.9996761,-1,-1,-1
1,-1,577.5464477539062,516.6595458984375,70.2730712890625,182.5968017578125,0.9996164,-1,-1,-1
1,-1,224.64083862304688,857.0224609375,96.166259765625,171.3897705078125,0.9996074,-1,-1,-1
1,-1,1438.769775390625,5.52789306640625,65.21142578125,159.52618408203125,0.99958557,-1,-1,-1
1,-1,1779.6533203125,15.705230712890625,64.817138671875,143.76646423339844,0.99955505,-1,-1,-1
1,-1,1030.2576904296875,187.26759338378906,63.81494140625,151.00376892089844,0.99954647,-1,-1,-1
1,-1,1.1425189971923828,43.02104187011719,46.736572265625,162.9248809814453,0.99952483,-1,-1,-1
1,-1,510.12322998046875,2.8676834106445312,64.145751953125,135.05316162109375,0.9994999,-1,-1,-1
1,-1,1086.27978515625,261.20721435546875,74.29150390625,175.888427734375,0.9993537,-1,-1,-1
1,-1,1691.6102294921875,477.3760986328125,86.0986328125,180.7520751953125,0.9993305,-1,-1,-1
1,-1,1749.3182373046875,233.40121459960938,75.873291015625,173.2310791015625,0.9992761,-1,-1,-1
1,-1,1613.739501953125,179.17333984375,78.86181640625,169.04833984375,0.99922585,-1,-1,-1
1,-1,377.3429260253906,243.71737670898438,77.968994140625,169.819091796875,0.9990427,-1,-1,-1
1,-1,1447.295166015625,439.08905029296875,72.391845703125,169.1612548828125,0.9989981,-1,-1,-1
1,-1,1751.9139404296875,593.5243530273438,74.2177734375,179.0980224609375,0.9985667,-1,-1,-1
1,-1,43.57585525512695,767.0140380859375,84.76277160644531,188.4970703125,0.998281,-1,-1,-1
1,-1,1235.4359130859375,583.0480346679688,71.872314453125,172.107421875,0.9982389,-1,-1,-1
1,-1,662.110595703125,223.401611328125,65.8408203125,164.713134765625,0.998228,-1,-1,-1
1,-1,228.986328125,499.59307861328125,72.41839599609375,176.643798828125,0.99812895,-1,-1,-1
1,-1,1111.925048828125,370.1620788574219,93.633056640625,150.91580200195312,0.99779224,-1,-1,-1
1,-1,488.5135803222656,62.28620910644531,63.703216552734375,141.08047485351562,0.9971365,-1,-1,-1
1,-1,306.19427490234375,515.7150268554688,73.55645751953125,169.3114013671875,0.9967895,-1,-1,-1
1,-1,1178.80419921875,3.5629730224609375,58.891845703125,92.26739501953125,0.9967038,-1,-1,-1
1,-1,1741.7760009765625,31.518287658691406,72.863525390625,156.02392578125,0.9964439,-1,-1,-1
1,-1,802.5035400390625,1.1866035461425781,53.09912109375,72.43087768554688,0.99638283,-1,-1,-1
1,-1,1431.9168701171875,528.86376953125,74.413818359375,171.1954345703125,0.99451905,-1,-1,-1
1,-1,1229.9896240234375,113.10606384277344,67.451416015625,162.86915588378906,0.9920033,-1,-1,-1
1,-1,889.8875732421875,412.56256103515625,61.58642578125,159.20721435546875,0.98867655,-1,-1,-1
2,-1,1264.326171875,855.0881958007812,101.35986328125,210.38665771484375,0.99999964,-1,-1,-1
2,-1,722.62451171875,962.1436767578125,112.450927734375,119.896484375,0.9999993,-1,-1,-1
2,-1,1305.6072998046875,620.01513671875,84.76171875,195.8223876953125,0.9999988,-1,-1,-1
2,-1,1433.283935546875,647.0284423828125,92.184326171875,184.932861328125,0.99999833,-1,-1,-1
2,-1,548.6039428710938,794.85693359375,97.7896728515625,224.972412109375,0.9999982,-1,-1,-1
2,-1,1812.218017578125,227.0064239501953,91.290771484375,178.7167205810547,0.999998,-1,-1,-1
2,-1,572.6878662109375,145.12139892578125,79.825439453125,190.8170166015625,0.99999774,-1,-1,-1
2,-1,1826.3619384765625,595.412353515625,74.343017578125,188.9261474609375,0.9999975,-1,-1,-1
2,-1,38.793907165527344,421.2970886230469,98.22428131103516,188.53359985351562,0.99999714,-1,-1,-1
2,-1,934.7902221679688,408.5401611328125,79.5684814453125,187.6905517578125,0.999997,-1,-1,-1
2,-1,299.848876953125,193.36428833007812,80.26727294921875,180.0604248046875,0.99999666,-1,-1,-1
2,-1,742.2568969726562,412.8877258300781,84.986572265625,180.03427124023438,0.9999964,-1,-1,-1
2,-1,1319.9510498046875,104.2279052734375,74.08642578125,193.0401611328125,0.9999957,-1,-1,-1
2,-1,352.4555969238281,860.43115234375,82.39898681640625,209.070556640625,0.9999957,-1,-1,-1
2,-1,1808.61572265625,379.8340759277344,82.866943359375,180.67190551757812,0.99999416,-1,-1,-1
2,-1,813.7561645507812,557.78662109375,71.572265625,184.5284423828125,0.9999937,-1,-1,-1
2,-1,1011.5499877929688,371.9292297363281,70.42327880859375,174.43984985351562,0.9999933,-1,-1,-1
2,-1,1781.4044189453125,789.28466796875,81.3125,199.6700439453125,0.9999933,-1,-1,-1
2,-1,1498.88427734375,239.75352478027344,79.890380859375,199.3185577392578,0.99999285,-1,-1,-1
2,-1,391.79473876953125,607.0100708007812,100.88922119140625,194.250244140625,0.9999908,-1,-1,-1
2,-1,1380.9599609375,573.5919189453125,84.54638671875,188.1959228515625,0.9999906,-1,-1,-1
2,-1,1196.344970703125,456.0162658691406,72.148681640625,178.00411987304688,0.99999046,-1,-1,-1
2,-1,158.30355834960938,188.83969116210938,75.85089111328125,176.40301513671875,0.99999046,-1,-1,-1
2,-1,865.699951171875,754.128173828125,104.619384765625,195.716064453125,0.99999046,-1,-1,-1
2,-1,506.4181213378906,149.86538696289062,78.28866577148438,181.14959716796875,0.99999034,-1,-1,-1
2,-1,83.60916137695312,649.5672607421875,87.8502197265625,207.9432373046875,0.9999902,-1,-1,-1
2,-1,153.36671447753906,560.6018676757812,99.78079223632812,193.0430908203125,0.9999896,-1,-1,-1
2,-1,1564.5999755859375,274.5006103515625,80.4873046875,175.7783203125,0.9999893,-1,-1,-1
2,-1,569.8656616210938,377.7820129394531,80.704833984375,173.40805053710938,0.9999882,-1,-1,-1
2,-1,121.63204956054688,770.4523315429688,82.877197265625,201.1202392578125,0.99998784,-1,-1,-1
2,-1,1390.2154541015625,252.40286254882812,78.951904296875,178.66436767578125,0.99998724,-1,-1,-1
2,-1,255.899658203125,682.2614135742188,91.05145263671875,199.6448974609375,0.9999865,-1,-1,-1
2,-1,1661.6065673828125,258.16217041015625,74.5849609375,185.25164794921875,0.99998593,-1,-1,-1
2,-1,1124.5484619140625,800.9906616210938,98.92822265625,197.443359375,0.9999821,-1,-1,-1
2,-1,374.54095458984375,375.57220458984375,83.14874267578125,182.5767822265625,0.9999808,-1,-1,-1
2,-1,83.99877166748047,209.1630096435547,76.4396743774414,172.14772033691406,0.9999783,-1,-1,-1
2,-1,617.8441162109375,555.13818359375,86.885009765625,175.7125244140625,0.9999776,-1,-1,-1
2,-1,903.5076293945312,533.9853515625,79.4444580078125,188.930419921875,0.9999771,-1,-1,-1
2,-1,978.4205322265625,803.6595458984375,87.0660400390625,209.65087890625,0.9999771,-1,-1,-1
2,-1,1702.292724609375,637.2608642578125,83.985107421875,180.987548828125,0.9999765,-1,-1,-1
2,-1,1706.463134765625,822.6741943359375,85.474609375,174.620361328125,0.99997616,-1,-1,-1
2,-1,1516.1947021484375,514.318603515625,87.383544921875,178.553466796875,0.9999759,-1,-1,-1
2,-1,1010.2594604492188,519.2725219726562,74.18572998046875,181.052978515625,0.999974,-1,-1,-1
2,-1,664.8275756835938,453.8360595703125,76.750732421875,187.8648681640625,0.99997294,-1,-1,-1
2,-1,1157.237060546875,648.754638671875,72.6943359375,184.0582275390625,0.99995863,-1,-1,-1
2,-1,1184.4473876953125,331.59356689453125,80.13427734375,173.930419921875,0.99995565,-1,-1,-1
2,-1,1748.121337890625,235.23878479003906,75.28515625,171.6503143310547,0.9999497,-1,-1,-1
2,-1,1609.907470703125,436.0445251464844,88.049072265625,163.83291625976562,0.99993396,-1,-1,-1
2,-1,189.9869384765625,696.6470947265625,83.14096069335938,183.8179931640625,0.9999323,-1,-1,-1
2,-1,1648.0543212890625,568.40380859375,83.909423828125,173.79638671875,0.999931,-1,-1,-1
2,-1,1337.981201171875,387.99993896484375,75.1865234375,178.41162109375,0.99992585,-1,-1,-1
2,-1,866.3545532226562,629.7713012695312,85.394775390625,169.369140625,0.99992466,-1,-1,-1
2,-1,900.0529174804688,251.1370849609375,69.4998779296875,169.71502685546875,0.99992335,-1,-1,-1
2,-1,461.3414306640625,890.4019775390625,102.42486572265625,193.906494140625,0.9999062,-1,-1,-1
2,-1,1678.6746826171875,10.837326049804688,81.220947265625,162.54144287109375,0.9998965,-1,-1,-1
2,-1,986.7258911132812,0.227203369140625,59.38836669921875,128.4120101928711,0.99988127,-1,-1,-1
2,-1,1738.2938232421875,391.72845458984375,77.46484375,181.8370361328125,0.9998758,-1,-1,-1
2,-1,1088.2371826171875,668.1305541992188,77.982177734375,192.912109375,0.9998723,-1,-1,-1
2,-1,1743.092041015625,1002.0018920898438,94.459228515625,80.45867919921875,0.9998692,-1,-1,-1
2,-1,431.1757507324219,537.9307861328125,86.12295532226562,195.857421875,0.99985945,-1,-1,-1
2,-1,580.1643676757812,520.9404907226562,70.379638671875,178.433837890625,0.999856,-1,-1,-1
2,-1,1179.3079833984375,177.45614624023438,66.4306640625,153.52383422851562,0.9998524,-1,-1,-1
2,-1,297.44647216796875,591.4221801757812,88.2557373046875,198.4615478515625,0.9998104,-1,-1,-1
2,-1,511.6095886230469,550.1367797851562,69.45620727539062,179.511962890625,0.99980944,-1,-1,-1
2,-1,1493.6597900390625,146.44036865234375,79.765869140625,183.94427490234375,0.9998006,-1,-1,-1
2,-1,1438.3238525390625,5.9808197021484375,65.65966796875,157.78955078125,0.99979454,-1,-1,-1
2,-1,1228.748291015625,271.9234619140625,68.85791015625,169.09130859375,0.99978966,-1,-1,-1
2,-1,839.832763671875,302.91754150390625,84.1129150390625,164.325927734375,0.99978966,-1,-1,-1
2,-1,1599.0386962890625,56.18468475341797,72.519287109375,158.30044555664062,0.99976724,-1,-1,-1
2,-1,1744.900146484375,589.84130859375,80.4296875,182.206787109375,0.99974245,-1,-1,-1
2,-1,1531.4256591796875,45.909423828125,69.814453125,158.96986389160156,0.999729,-1,-1,-1
2,-1,44.32002639770508,756.2034301757812,86.61093139648438,193.116943359375,0.99972373,-1,-1,-1
2,-1,749.156494140625,140.8485107421875,73.7332763671875,151.35723876953125,0.9997204,-1,-1,-1
2,-1,1567.061767578125,121.59455871582031,80.300537109375,158.6748504638672,0.99968445,-1,-1,-1
2,-1,67.615966796875,125.11323547363281,73.3717041015625,170.1910858154297,0.99968445,-1,-1,-1
2,-1,594.6640625,999.4336547851562,91.888427734375,83.10504150390625,0.9996805,-1,-1,-1
2,-1,1267.3685302734375,471.1638488769531,69.97802734375,168.11660766601562,0.9996753,-1,-1,-1
2,-1,1053.555908203125,497.70556640625,70.25537109375,177.272216796875,0.99966335,-1,-1,-1
2,-1,0.3360614776611328,44.1590576171875,49.32695770263672,165.04559326171875,0.9996574,-1,-1,-1
2,-1,1779.3323974609375,14.752853393554688,64.767578125,142.93165588378906,0.99961287,-1,-1,-1
2,-1,227.50311279296875,495.650146484375,74.412109375,182.3592529296875,0.99957925,-1,-1,-1
2,-1,1610.8526611328125,179.50808715820312,79.2744140625,167.83001708984375,0.9995565,-1,-1,-1
2,-1,226.34437561035156,854.2671508789062,96.02513122558594,174.43817138671875,0.999553,-1,-1,-1
2,-1,1030.7188720703125,189.29537963867188,62.02685546875,149.4603271484375,0.9994905,-1,-1,-1
2,-1,1690.10205078125,473.549072265625,84.783203125,179.407470703125,0.99947697,-1,-1,-1
2,-1,545.1306762695312,73.2401123046875,66.3369140625,159.8465576171875,0.99944323,-1,-1,-1
2,-1,380.94000244140625,241.80233764648438,78.5594482421875,169.93377685546875,0.9994166,-1,-1,-1
2,-1,490.1532287597656,60.254920959472656,64.17105102539062,139.7322998046875,0.9993437,-1,-1,-1
2,-1,1087.1751708984375,261.09661865234375,74.506103515625,172.07470703125,0.9989209,-1,-1,-1
2,-1,813.4212036132812,257.7611389160156,70.6279296875,179.720703125,0.99878305,-1,-1,-1
2,-1,1447.0538330078125,439.3351135253906,72.531982421875,169.34573364257812,0.998744,-1,-1,-1
2,-1,662.06201171875,221.95730590820312,67.4112548828125,167.19000244140625,0.99873286,-1,-1,-1
2,-1,1115.283447265625,371.26910400390625,89.0205078125,148.551025390625,0.99859184,-1,-1,-1
2,-1,511.3282775878906,2.2702102661132812,65.55368041992188,134.23480224609375,0.99770653,-1,-1,-1
2,-1,1741.7152099609375,30.659339904785156,71.946044921875,154.61798095703125,0.9973568,-1,-1,-1
2,-1,1236.3193359375,583.42236328125,71.03857421875,176.2442626953125,0.99702233,-1,-1,-1
2,-1,1179.79638671875,3.3858489990234375,55.444091796875,93.4509048461914,0.99689937,-1,-1,-1
2,-1,1230.31103515625,108.99320220947266,69.51611328125,163.8323974609375,0.99626935,-1,-1,-1
2,-1,4.981815338134766,722.3453369140625,73.94378662109375,210.05078125,0.9955177,-1,-1,-1
2,-1,802.0895385742188,1.7402229309082031,53.6876220703125,73.083984375,0.9908704,-1,-1,-1
3,-1,722.4534301757812,958.593994140625,113.704345703125,123.373046875,0.99999964,-1,-1,-1
3,-1,1265.8541259765625,854.4342041015625,102.129150390625,210.062255859375,0.9999995,-1,-1,-1
3,-1,1307.3828125,617.9716796875,85.470947265625,196.394287109375,0.9999994,-1,-1,-1
3,-1,551.5655517578125,791.380126953125,94.432861328125,227.7298583984375,0.9999987,-1,-1,-1
3,-1,1812.9027099609375,224.2064208984375,91.0146484375,178.2442626953125,0.99999845,-1,-1,-1
3,-1,33.705284118652344,418.458251953125,102.06555938720703,187.15032958984375,0.99999785,-1,-1,-1
3,-1,1434.175537109375,644.480712890625,92.789306640625,186.6123046875,0.99999774,-1,-1,-1
3,-1,1828.447021484375,591.1087646484375,73.390380859375,188.42724609375,0.99999774,-1,-1,-1
3,-1,574.5248413085938,143.91140747070312,81.5321044921875,186.82431030273438,0.99999654,-1,-1,-1
3,-1,742.8021240234375,413.1909484863281,83.570556640625,180.38473510742188,0.9999962,-1,-1,-1
3,-1,1319.8310546875,106.2345962524414,72.385498046875,189.49945068359375,0.9999951,-1,-1,-1
3,-1,157.0355224609375,189.516357421875,77.69906616210938,176.1937255859375,0.999995,-1,-1,-1
3,-1,353.10858154296875,860.3006591796875,82.53662109375,209.5867919921875,0.999995,-1,-1,-1
3,-1,814.4839477539062,556.4761962890625,72.455078125,185.9989013671875,0.999995,-1,-1,-1
3,-1,302.5738525390625,191.67469787597656,80.80645751953125,181.12864685058594,0.99999464,-1,-1,-1
3,-1,936.2215576171875,408.8529052734375,78.2911376953125,188.77227783203125,0.9999944,-1,-1,-1
3,-1,1808.9356689453125,377.739990234375,82.6884765625,179.10626220703125,0.9999939,-1,-1,-1
3,-1,1013.5426635742188,371.72906494140625,69.90985107421875,174.57257080078125,0.9999937,-1,-1,-1
3,-1,1499.123046875,236.57858276367188,79.23681640625,200.69024658203125,0.99999356,-1,-1,-1
3,-1,508.818359375,144.96640014648438,79.3731689453125,186.19427490234375,0.9999931,-1,-1,-1
3,-1,261.368896484375,678.3312377929688,90.17669677734375,201.901611328125,0.9999931,-1,-1,-1
3,-1,570.8304443359375,375.96624755859375,81.1285400390625,175.0386962890625,0.999992,-1,-1,-1
3,-1,1011.5987548828125,519.6744384765625,73.1943359375,181.1898193359375,0.9999908,-1,-1,-1
3,-1,395.07012939453125,608.3660278320312,99.3192138671875,190.1212158203125,0.9999907,-1,-1,-1
3,-1,1382.636962890625,569.5641479492188,84.35009765625,189.5579833984375,0.99998844,-1,-1,-1
3,-1,1779.791748046875,785.2666015625,80.53857421875,202.8946533203125,0.9999881,-1,-1,-1
3,-1,1198.6605224609375,456.83660888671875,71.122314453125,180.0064697265625,0.9999881,-1,-1,-1
3,-1,1661.8486328125,256.5714874267578,76.27197265625,186.6573944091797,0.99998724,-1,-1,-1
3,-1,1515.3009033203125,508.57867431640625,87.116455078125,184.5245361328125,0.9999871,-1,-1,-1
3,-1,1746.966796875,232.92498779296875,78.92333984375,167.340087890625,0.999987,-1,-1,-1
3,-1,86.345458984375,647.5661010742188,88.02548217773438,206.0411376953125,0.999985,-1,-1,-1
3,-1,87.22843170166016,202.88125610351562,75.39067840576172,175.87255859375,0.9999838,-1,-1,-1
3,-1,621.0275268554688,547.917236328125,87.0218505859375,182.830322265625,0.9999826,-1,-1,-1
3,-1,1565.3173828125,270.7202453613281,78.1923828125,175.93701171875,0.99998116,-1,-1,-1
3,-1,1156.443359375,647.9514770507812,74.4697265625,184.23193359375,0.99998,-1,-1,-1
3,-1,863.298583984375,750.0029296875,104.9599609375,198.2685546875,0.99998,-1,-1,-1
3,-1,122.51332092285156,769.2261352539062,83.98941040039062,197.5538330078125,0.99997973,-1,-1,-1
3,-1,1391.7984619140625,249.41897583007812,79.678466796875,178.15899658203125,0.9999795,-1,-1,-1
3,-1,1332.918212890625,386.97442626953125,77.176513671875,178.3232421875,0.99997723,-1,-1,-1
3,-1,904.2225341796875,534.7008666992188,78.4173583984375,186.958251953125,0.9999746,-1,-1,-1
3,-1,1118.1700439453125,800.088623046875,102.907470703125,198.050048828125,0.9999714,-1,-1,-1
3,-1,190.8949432373047,692.8888549804688,87.88734436035156,186.86083984375,0.99997115,-1,-1,-1
3,-1,376.90283203125,371.8001708984375,85.3515625,190.25579833984375,0.99997056,-1,-1,-1
3,-1,153.2050323486328,557.8936767578125,101.29705810546875,190.9345703125,0.9999685,-1,-1,-1
3,-1,667.6162719726562,452.6956787109375,75.5716552734375,190.8792724609375,0.9999646,-1,-1,-1
3,-1,68.1611557006836,126.03377532958984,76.14197540283203,162.58685302734375,0.9999621,-1,-1,-1
3,-1,1648.3603515625,565.4951171875,85.5634765625,178.116943359375,0.99995947,-1,-1,-1
3,-1,1738.8985595703125,585.6636962890625,90.03955078125,185.723388671875,0.99995804,-1,-1,-1
3,-1,1705.73681640625,820.0992431640625,85.3359375,173.166748046875,0.9999541,-1,-1,-1
3,-1,979.551513671875,804.6201171875,83.538818359375,205.978271484375,0.9999502,-1,-1,-1
3,-1,1087.23681640625,669.0623168945312,80.633544921875,189.4083251953125,0.99992466,-1,-1,-1
3,-1,1738.5003662109375,999.2095947265625,96.483154296875,82.972900390625,0.9999193,-1,-1,-1
3,-1,1609.402587890625,432.0787658691406,85.20947265625,165.91836547851562,0.9999168,-1,-1,-1
3,-1,464.6882019042969,889.426513671875,101.20687866210938,193.556396484375,0.9999149,-1,-1,-1
3,-1,596.8272094726562,993.356201171875,92.2845458984375,88.944580078125,0.99990964,-1,-1,-1
3,-1,757.8394775390625,139.109375,70.198486328125,151.05487060546875,0.99990714,-1,-1,-1
3,-1,1699.525634765625,632.4923095703125,81.595947265625,185.3760986328125,0.99990666,-1,-1,-1
3,-1,1186.44287109375,328.81268310546875,79.717529296875,175.58160400390625,0.99990463,-1,-1,-1
3,-1,1679.1588134765625,8.817474365234375,80.533447265625,164.83001708984375,0.9998964,-1,-1,-1
3,-1,1737.036376953125,386.78302001953125,79.65869140625,186.85223388671875,0.99989355,-1,-1,-1
3,-1,227.33091735839844,493.80438232421875,77.57667541503906,177.1258544921875,0.9998853,-1,-1,-1
3,-1,1438.3212890625,4.746826171875,66.580322265625,156.92459106445312,0.9998704,-1,-1,-1
3,-1,509.03485107421875,544.0140991210938,69.4412841796875,179.293212890625,0.99985623,-1,-1,-1
3,-1,839.737060546875,307.99298095703125,93.0115966796875,163.59967041015625,0.9998543,-1,-1,-1
3,-1,900.6923828125,251.03140258789062,69.451904296875,166.98004150390625,0.9998516,-1,-1,-1
3,-1,491.1823425292969,57.65447998046875,67.07455444335938,145.51657104492188,0.99981683,-1,-1,-1
3,-1,990.3189086914062,0.81060791015625,59.61456298828125,128.7429656982422,0.9998012,-1,-1,-1
3,-1,1267.0146484375,469.76348876953125,72.306396484375,170.5706787109375,0.9998,-1,-1,-1
3,-1,1613.0169677734375,177.55667114257812,79.822509765625,171.067138671875,0.99979824,-1,-1,-1
3,-1,226.84005737304688,854.02294921875,95.7481689453125,173.41943359375,0.9997925,-1,-1,-1
3,-1,298.7957763671875,585.5603637695312,84.42620849609375,201.443603515625,0.99978894,-1,-1,-1
3,-1,583.3792114257812,520.661376953125,69.496826171875,178.854736328125,0.99978787,-1,-1,-1
3,-1,0.1834697723388672,44.7685546875,49.78490447998047,165.21632385253906,0.99978715,-1,-1,-1
3,-1,1180.5419921875,176.11761474609375,66.451171875,156.38735961914062,0.99977905,-1,-1,-1
3,-1,1601.3271484375,53.21209716796875,72.099365234375,160.43154907226562,0.9997633,-1,-1,-1
3,-1,1056.183837890625,497.18304443359375,67.76611328125,175.25341796875,0.9997563,-1,-1,-1
3,-1,428.01898193359375,534.853759765625,87.603271484375,195.46435546875,0.9997402,-1,-1,-1
3,-1,866.4982299804688,628.0099487304688,87.5826416015625,168.1629638671875,0.9996661,-1,-1,-1
3,-1,1565.1787109375,118.79839324951172,79.89453125,158.65679931640625,0.9996642,-1,-1,-1
3,-1,1780.6341552734375,12.771003723144531,65.05029296875,143.81710815429688,0.9996563,-1,-1,-1
3,-1,1494.7105712890625,143.8109588623047,77.70166015625,180.7937774658203,0.99963224,-1,-1,-1
3,-1,1689.79345703125,470.1009521484375,88.091796875,185.0135498046875,0.9995098,-1,-1,-1
3,-1,545.6744995117188,70.41932678222656,67.80029296875,161.33087158203125,0.99931574,-1,-1,-1
3,-1,1532.1962890625,44.56596374511719,67.765380859375,154.19375610351562,0.99924505,-1,-1,-1
3,-1,662.198486328125,219.6701202392578,67.978515625,168.8175506591797,0.99920195,-1,-1,-1
3,-1,814.5494995117188,257.7209167480469,69.2265625,176.3250732421875,0.99898034,-1,-1,-1
3,-1,1029.803466796875,186.7359161376953,62.62744140625,152.55638122558594,0.9988569,-1,-1,-1
3,-1,383.98345947265625,238.15447998046875,78.1282958984375,173.97119140625,0.99873966,-1,-1,-1
3,-1,1231.3004150390625,268.5919494628906,67.963623046875,168.8929443359375,0.99847275,-1,-1,-1
3,-1,1237.8463134765625,583.59423828125,71.2392578125,175.137939453125,0.99815494,-1,-1,-1
3,-1,514.9747924804688,1.227203369140625,64.3489990234375,134.1338653564453,0.9974291,-1,-1,-1
3,-1,1497.073974609375,14.121124267578125,61.917724609375,154.33367919921875,0.99741983,-1,-1,-1
3,-1,1115.3770751953125,372.51593017578125,91.32958984375,143.7916259765625,0.9971148,-1,-1,-1
3,-1,1179.2984619140625,2.7542877197265625,56.064453125,94.87615966796875,0.9971002,-1,-1,-1
3,-1,1088.78076171875,262.5947570800781,74.921630859375,171.46630859375,0.9954721,-1,-1,-1
3,-1,1235.161376953125,111.46800231933594,64.32568359375,167.3993682861328,0.9953561,-1,-1,-1
3,-1,1743.8057861328125,24.153884887695312,70.95947265625,156.98489379882812,0.9949214,-1,-1,-1
3,-1,1450.905517578125,438.59490966796875,69.523681640625,171.3741455078125,0.99390817,-1,-1,-1
3,-1,1863.9119873046875,533.514892578125,55.604736328125,144.44091796875,0.99285567,-1,-1,-1
3,-1,802.91259765625,1.7189292907714844,54.078125,73.390380859375,0.99223596,-1,-1,-1
4,-1,722.7806396484375,955.1998901367188,112.8526611328125,126.85675048828125,0.99999976,-1,-1,-1
4,-1,1266.1458740234375,854.5292358398438,102.567626953125,208.28143310546875,0.99999964,-1,-1,-1
4,-1,1308.7330322265625,613.26025390625,88.925048828125,196.22900390625,0.99999917,-1,-1,-1
4,-1,1815.4071044921875,221.3367919921875,86.435546875,178.0262451171875,0.99999905,-1,-1,-1
4,-1,1828.4803466796875,585.2300415039062,71.166748046875,190.328125,0.9999988,-1,-1,-1
4,-1,552.8345947265625,786.73095703125,94.9884033203125,227.8065185546875,0.99999857,-1,-1,-1
4,-1,1318.469482421875,100.4869155883789,74.4814453125,191.76840209960938,0.999998,-1,-1,-1
4,-1,1742.4873046875,230.98809814453125,83.5673828125,155.9945068359375,0.99999666,-1,-1,-1
4,-1,352.50830078125,857.2786865234375,82.352783203125,210.3499755859375,0.9999963,-1,-1,-1
4,-1,937.5560913085938,405.5902099609375,79.5089111328125,193.25048828125,0.9999963,-1,-1,-1
4,-1,741.5343627929688,412.5653991699219,83.200439453125,178.13992309570312,0.99999595,-1,-1,-1
4,-1,815.5202026367188,555.9750366210938,73.0162353515625,185.02197265625,0.9999957,-1,-1,-1
4,-1,1437.5474853515625,641.1173706054688,91.287353515625,190.8482666015625,0.9999951,-1,-1,-1
4,-1,576.7216186523438,136.02183532714844,82.223876953125,193.14772033691406,0.9999932,-1,-1,-1
4,-1,1015.049560546875,370.861572265625,70.32373046875,175.18853759765625,0.9999931,-1,-1,-1
4,-1,33.75741958618164,414.60931396484375,98.95109558105469,188.23797607421875,0.9999924,-1,-1,-1
4,-1,1500.400634765625,235.24728393554688,81.197265625,197.43841552734375,0.99999166,-1,-1,-1
4,-1,1810.8717041015625,374.873291015625,79.72607421875,177.53564453125,0.99999154,-1,-1,-1
